53.3849
12.0687
195.3065
289.7599
249.0187
74.2895
285.6052
3.9319
284.3608
11.3234
49.7132
38.6238
58.0793
18.5206
4.6149
21.7862
13.9122
20.7518
10.9436
12.4566
41.2236
1913.9354
1913.9354
71.6125
1647.5543
13.7669
18.2826
9.8534
40.6634
147.7021
48.7427
91.676
24.0032
39.087
1.9927
37.7713
166.7401
60.2438
95.7441
28.9369
37608.1394
60.0909
9.5432
4.8728
2948.9396
138.4136
24.329
28.8613
83.2317
50.1606
8.9336
122.5153
17.1271
54.4817
97.0309
48.4173
25.2247
16.1618
29.95
17.9217
263.4877
19.6994
68.7605
832.3248
16.047
9.5015
35.2559
117.3334
123.627
122.6946
7.9402
11.1961
89.3932
100.8019
566.8152
24.3906
26.5714
10.1323
0.0168
79.5535
13.1313
52.8166
26.2316
11.0971
20.2473
49.8827
152.588
19.5278
26.1725
30.6066
15.8047
39.3439
17.3776
0.0197
14.7324
115.9886
55.3791
277.9785
64.743
98.4887
24.5372
87.0252
17.5007
60.5856
211.4429
102.3678
15.7234
74.5323
16.4234
256.7027
38.8695
68.978
186.3612
7.1898
13.9577
0.3953
131.8854
31.0663
45.3536
46.4368
26.4314
32.3189
306.0905
10.8561
46.6854
69.6289
33.9947
93.8791
46.5108
172.1922
19.2419
9.7294
110.316
25.4812
7.4246
27.0055
47.0874
27.6066
43.6803
26.5762
5e-04
29.2282
29.502
37.8734
14.8624
20.9527
37.5797
21.321
73.5182
0.0842
27.4711
4.4828
10.008
98.2597
21.8862
56.5318
26.006
44.6141
37.4536
53.8604
20.9697
66.724
30.4037
76.5924
22.4569
15.1822
46.9208
0.0205
11.4654
19.1396
34.6512
21.0383
18.716
31.1529
409.2697
11.0064
1024.5787
39.0778
8.3958
61.9234
37.5753
23.7372
20.818
85.1483
21.2251
5.2811
7.1125
45.6937
51.0045
26.0342
14.9672
14.9672
13.4932
56.3123
7.1979
23.8341
36.1183
72.3559
142.3173
36.6346
48.0277
20.0299
99.2222
35.0301
11.5926
122.6606
44.0692
6.8252
33.1617
1.5822
26.0587
7.1144
75.7212
10.4945
9.6765
43.8346
20.436
49.2442
0.0084
17.5195
353.925
132.8324
16.8427
13.8442
22.823
29.3902
44.3723
18.7882
10.1847
15.7672
43.6042
3.2627
79.145
22.6322
13.4734
32.2056
182.231
73.108
171.3924
20.8104
12.8026
12.6545
180.8373
132.9862
7.2504
4.6022
39.5295
19.6859
21.1962
12.407
17.2851
13.9059
384.5145
38.157
496.9643
11.9157
18.7495
13.7019
27.335
41.0564
13.7502
38.5651
81.2685
3.1332
45.523
33.4892
1.1702
39.7219
19.0855
109.7497
15.2039
37.5705
3.2077
15.3299
46.7055
611.5341
4.798
196.3758
20.4414
12.6842
103.7737
16.2459
121.9354
30.7106
23.4602
13.3905
60.4212
10.577
70.9764
94.3607
31.1403
15.1695
410.849
18.4997
210.7264
64.8985
114.7558
306.6928
52.1908
26.4822
14.8862
46.4433
98.2478
3030.9512
15.3117
6.459
12.75
102.6319
57.8901
71.2785
141.1856
54.3115
43.3997
33.5678
8.1543
18.1081
247.5034
3.5766
39.3691
14.3488
14.3488
120.5378
154.4364
10.6165
52.8051
16.6172
65.7456
15.3515
7.4152
12.1552
42.685
1522.4384
22.3217
60.7264
50.8251
43.0317
17.9031
40.1611
312.8272
36.4118
53.2334
15.3119
60.6598
43.6806
11.6457
66.6183
11.9809
231.5683
8.0279
4.5191
154.9376
141.9986
61.1186
8.0774
53.467
60.2576
33.7123
19.0178
19.1218
368.4125
104.9969
117.1318
38.183
28.6331
50.8817
22.6116
7.3253
10.0363
166.7689
28.515
14.5704
9.3388
23.4808
129.7849
45.7081
11.7024
103.5524
17.7454
53.7997
28.9927
8.6474
34.6472
20.8814
59.1741
47.7376
32.2805
141.4829
274.9797
24.4008
75.2237
19.0849
5.2647
44.3487
159.2276
78.0901
46.1216
16.8288
3.0887
15.303
75.2091
17.6271
14.563
104.7755
22.5975
21.2322
118.7192
16.0726
81.4432
37.9035
184.6891
24.7627
28.3686
8.9589
65.6021
44.6615
8.8529
19.886
11.5146
148.7305
16.6918
41.9765
17.9377
18.4308
39.325
10.4064
48.2962
175.8346
213.5364
109.6825
24.8176
57.3739
60.1961
50.3488
18.2672
19.4501
66.1886
12.0749
24.1232
3.3588
3.3588
146.9861
13.9424
465.9588
133.5479
43.0026
10.6634
9.2315
46.8497
0.0069
19.0447
20.786
35.3129
176.3158
110.7265
6.6538
546.5394
5.5307
29.7464
20.7263
23.2638
19.3776
442.3339
74.9202
18.9774
25.1591
182.8712
48.34
27.0946
19.4805
4.5654
10.7015
24.1731
6.4727
42.0847
10.8835
32.8193
2.3266
27.0995
36.2551
12.9029
25.3535
6.5304
87.6425
